5

0
1
0 167

1
2
1 10
15 20

1
3
1 10
30 40
50 100

2
3
10 100
110 120
130 140

5
2
30 40
60 100

20

0 1
3
0 120 4 170
121 160 8 170
0 160 1 1000

1 0
3
0 120 4 170
121 160 8 170
0 160 1 1000

0 2
4
0 120 25 210
0 130 22 210
120 160 29 260
0 160 2 1200

2 0
4
0 120 25 210
0 130 22 210
120 160 29 260
0 160 2 1200

0 3
2
0 120 25 210
100 130 23 210

3 0
2
0 120 25 210
100 130 23 210

0 4
1
0 120 6 170

4 0
1
0 120 5 170

1 2
2
0 130 28 210
0 150 32 210

2 1
2
0 130 28 210
0 150 32 210

1 3
2
0 100 9 1270
0 120 14 180

3 1
2
0 100 9 1270
0 120 14 180

1 4
2
0 120 12 210
0 100 12 180

4 1
2
0 120 12 210
0 100 12 180

2 3
3
0 120 23 180
0 100 24 970
0 150 26 350

3 2
3
0 120 23 180
0 100 24 970
0 150 26 350

2 4
2
0 120 23 180
0 150 25 290

4 2
2
0 120 23 180
0 150 25 290

3 4
2
0 120 29 280
0 80 26 280

4 3
2
0 120 29 280
0 80 26 280